Pn <- 0.35 / 0.46 # N kg Value  (considering 0.35 $/kg UREA) (ratio= 0.76)
Pw <- 160 # $/ton
